5
0
0000000000000000000000000000
0000000000000000000000000000
0000000000000000000000000000
0000000000000000000000000000
0000000000000000000000000000
0000000000000000000011000000
0000000000001111100100000000
0000000011111111100000000000
0000000011111001000000000000
0000000000110000000000000000
0000000000010000000000000000
0000000000010000000000000000
0000000000001000000000000000
0000000000000000000000000000
0000000000000011000000000000
0000000000000001100000000000
0000000000000000110000000000
0000000000000000111000000000
0000000000000000110000000000
0000000000000011110000000000
0000000000001111000000000000
0000000000111100000000000000
0000000011110000000000000000
0000001111100000000000000000
0000111000000000000000000000
0000000000000000000000000000
0000000000000000000000000000
000000000000000000000000000

0
0
0000000000000000000000000000
0000000000000000000000000000
0000000000000000000000000000
0000000000000000000000000000
0000000000000000100000000000
0000000000000001110000000000
0000000000000011001000000000
0000000000000111001100000000
0000000000011111100100000000
0000000000011001000100000000
0000000000110000000110000000
0000000001000000000110000000
0000000010000000000110000000
0000000110000000000110000000
0000000100000000000110000000
0000001100000000000110000000
0000001000000000000100000000
0000001000000000001000000000
0000001000000000010000000000
0000001000000000100000000000
0000001100000010000000000000
0000001110011100000000000000
0000000111110000000000000000
0000000011100000000000000000
0000000000000000000000000000
0000000000000000000000000000
0000000000000000000000000000
000000000000000000000000000

4
0
0000000000000000000000000000
0000000000000000000000000000
0000000000000000000000000000
0000000000000000000000000000
0000000000000000000000000000
0000000000000000000000000000
0000000000000000000000000000
0000000000000000000000000000
0000000000000000000100000000
0000000000000000000100000000
0000000000000000000100000000
0001000000000000000100000000
0001000000000000001000000000
0001000000000000001000000000
0001000000000000001000000000
0001000011000000000000000000
0000000000000000010000000000
0000000000000000010000000000
0000000000000000010000000000
0000000000000000010000000000
0000000000000000010000000000
0000000000000000010000000000
0000000000000000010000000000
0000000000000000010000000000
0000000000000000010000000000
0000000000000000000000000000
0000000000000000000000000000
000000000000000000000000000

1
0
0000000000000000000000000000
0000000000000000000000000000
0000000000000000000000000000
0000000000000000000000000000
0000000000000000000000000000
0000000000000000001100000000
0000000000000000001100000000
0000000000000000011100000000
0000000000000000010000000000
0000000000000000110000000000
0000000000000001100000000000
0000000000000011000000000000
0000000000000011000000000000
0000000000000110000000000000
0000000000000100000000000000
0000000000011100000000000000
0000000000011100000000000000
0000000000011000000000000000
0000000000110000000000000000
0000000001110000000000000000
0000000001110000000000000000
0000000001100000000000000000
0000000011000000000000000000
0000000011000000000000000000
0000000001000000000000000000
0000000000000000000000000000
0000000000000000000000000000
000000000000000000000000000

9
0
0000000000000000000000000000
0000000000000000000000000000
0000000000000000000000000000
0000000000000000000000000000
0000000000000000000000000000
0000000000000000000000000000
0000000000000000000000000000
0000000000000011000000000000
0000000000001100111000000000
0000000000010000011000000000
0000000001100000110000000000
0000000011000000110000000000
0000000110000001100000000000
0000000100000011000000000000
0000001100000111000000000000
0000000111110010000000000000
0000000010000010000000000000
0000000000000110000000000000
0000000000000110000000000000
0000000000000110000000000000
0000000000000110000000000000
0000000000000110000000000000
0000000000000110000000000000
0000000000000010000000000000
0000000000000010000000000000
0000000000000001000000000000
0000000000000000100000000000
000000000000000000000000000

2
0
0000000000000000000000000000
0000000000000000000000000000
0000000000000000000000000000
0000000000000000000000000000
0000000000000000000000000000
0000000000000000000000000000
0000000000000001110000000000
0000000000001110010000000000
0000000000011100011000000000
0000000001111000011000000000
0000000001100000011000000000
0000000000000000011000000000
0000000000000000011000000000
0000000000000000010000000000
0000000000001111100000000000
0000000000110011100000000000
0000000011000001111000000000
0000000110000011001100000000
0000001000000100000001100000
0000011000011000000000000000
0000011001110000000000000000
0000011110000000000000000000
0000000000000000000000000000
0000000000000000000000000000
0000000000000000000000000000
0000000000000000000000000000
0000000000000000000000000000
000000000000000000000000000

1
0
0000000000000000000000000000
0000000000000000000000000000
0000000000000000000000000000
0000000000000000000000000000
0000000000001000000000000000
0000000000001100000000000000
0000000000001100000000000000
0000000000001100000000000000
0000000000001100000000000000
0000000000001100000000000000
0000000000001110000000000000
0000000000001110000000000000
0000000000001110000000000000
0000000000001110000000000000
0000000000001110000000000000
0000000000001110000000000000
0000000000001110000000000000
0000000000001111000000000000
0000000000000111000000000000
0000000000000111000000000000
0000000000000011100000000000
0000000000000011100000000000
0000000000000011100000000000
0000000000000001100000000000
0000000000000000000000000000
0000000000000000000000000000
0000000000000000000000000000
000000000000000000000000000

3
0
0000000000000000000000000000
0000000000000000000000000000
0000000000000000000000000000
0000000000000000000000000000
0000000000000000000000000000
0000000000000111111000000000
0000000000001111111100000000
0000000001111111111110000000
0000000001100000011110000000
0000000000000000001100000000
0000000000000000011100000000
0000000000000000011100000000
0000000000000001111000000000
0000000000000111110000000000
0000000001111111100000000000
0000000001111111110000000000
0000000000000000110000000000
0000000000000000110000000000
0000000000000000110000000000
0000000000000001110000000000
0000001000000011110000000000
0000011000000111000000000000
0000011111111100000000000000
0000001111100000000000000000
0000000010000000000000000000
0000000000000000000000000000
0000000000000000000000000000
000000000000000000000000000

1
0
0000000000000000000000000000
0000000000000000000000000000
0000000000000000000000000000
0000000000000000000000000000
0000000000000000000000000000
0000000000000000000000000000
0000000000001000000000000000
0000000000001100000000000000
0000000000001100000000000000
0000000000001100000000000000
0000000000001100000000000000
0000000000000100000000000000
0000000000000100000000000000
0000000000000100000000000000
0000000000000100000000000000
0000000000000100000000000000
0000000000000100000000000000
0000000000000100000000000000
0000000000000100000000000000
0000000000000010000000000000
0000000000000000000000000000
0000000000000000000000000000
0000000000000010000000000000
0000000000000000000000000000
0000000000000000000000000000
0000000000000000000000000000
0000000000000000000000000000
000000000000000000000000000

4
0
0000000000000000000000000000
0000000000000000000000000000
0000000000000000000000000000
0000000000000000000000000000
0000000000000000000000000000
0000000000000000000001000000
0000000000000000000010000000
0000000000000000000010000000
0000000000000000000000000000
0000000000001000000100000000
0000000000001000000100000000
0000000000010000001000000000
0000000000010000010000000000
0000000000100000110000000000
0000000011100000100000000000
0000000111011001000000000000
0000001100001111100000000000
0000000000000111100000000000
0000000000000100000000000000
0000000000001000000000000000
0000000000010000000000000000
0000000000010000000000000000
0000000000100000000000000000
0000000000100000000000000000
0000000000000000000000000000
0000000000000000000000000000
0000000000000000000000000000
000000000000000000000000000

3
0
0000000000000000000000000000
0000000000000000000000000000
0000000000000000000000000000
0000000000000000000000000000
0000000000000000000000000000
0000000000011111000000000000
0000000000011111000000000000
0000000000011011100000000000
0000000000001011100000000000
0000000000000111100000000000
0000000000000011100000000000
0000000000000111100000000000
0000000000011111100000000000
0000000000111111100000000000
0000000000011111100000000000
0000000000000000100000000000
0000000000000000100000000000
0000000000000001100000000000
0000000000000001100000000000
0000000000000001100000000000
0000001000000011000000000000
0000000110001110000000000000
0000000011111100000000000000
0000000000011000000000000000
0000000000000000000000000000
0000000000000000000000000000
0000000000000000000000000000
000000000000000000000000000

5
0
0000000000000000000000000000
0000000000000000000000000000
0000000000000000000000000000
0000000000000000000000000000
0000000000000000000000000000
0000000000000000000000000000
0000000000000000000000000000
0000000000000000000000000000
0000000000000000000011110000
0000000000000000011100000000
0000000000000001000000000000
0000000000000010000000000000
0000000000000000000000000000
0000000000010000000000000000
0000000000110000000000000000
0000000000010000000000000000
0000000000001000000000000000
0000000000001100000000000000
0000000000001000000000000000
0000000111010000000000000000
0000000000000000000000000000
0000000000000000000000000000
0000000000000000000000000000
0000000000000000000000000000
0000000000000000000000000000
0000000000000000000000000000
0000000000000000000000000000
000000000000000000000000000

3
0
0000000000000000000000000000
0000000000000000000000000000
0000000000000000000000000000
0000000000000000000000000000
0000000000000000000000000000
0000000100000000000000000000
0001111111111110000000000000
0001110000000011100000000000
0000000000000001100000000000
0000000000000011100000000000
0000000000000111000000000000
0000000000001110000000000000
0000000000111110000000000000
0000000000111111000000000000
0000000000001111111000000000
0000000000000001111100000000
0000000000000000011110000000
0000000000000000001110000000
0000000000000000001110000000
0000000000000000001110000000
0000000010000000011100000000
0000000110000001111100000000
0000000111000011111000000000
0000000011111111100000000000
0000000000000000000000000000
0000000000000000000000000000
0000000000000000000000000000
000000000000000000000000000

6
0
0000000000000000000000000000
0000000000000000000000000000
0000000000000000000000000000
0000000000000000100000000000
0000000000000011000000000000
0000000000000110000000000000
0000000000001110000000000000
0000000000001100000000000000
0000000000010000000000000000
0000000000100000000000000000
0000000001100000000000000000
0000000001100000000000000000
0000000001100000011100000000
0000000011000001100100000000
0000000010000010000100000000
0000000110000100000000000000
0000000110001100011000000000
0000000100001000010000000000
0000000100001000000000000000
0000000110001110000000000000
0000000011111100000000000000
0000000001110000000000000000
0000000000000000000000000000
0000000000000000000000000000
0000000000000000000000000000
0000000000000000000000000000
0000000000000000000000000000
000000000000000000000000000

1
0
0000000000000000000000000000
0000000000000000000000000000
0000000000000000000000000000
0000000000000000000000000000
0000000000000000000000000000
0000000000000000000000000000
0000000000001000000000000000
0000000000001000000000000000
0000000000001000000000000000
0000000000001000000000000000
0000000000001100000000000000
0000000000001100000000000000
0000000000001100000000000000
0000000000001100000000000000
0000000000001100000000000000
0000000000001100000000000000
0000000000001100000000000000
0000000000001100000000000000
0000000000001100000000000000
0000000000001100000000000000
0000000000001100000000000000
0000000000000100000000000000
0000000000000100000000000000
0000000000000100000000000000
0000000000000000000000000000
0000000000000000000000000000
0000000000000000000000000000
000000000000000000000000000

7
0
0000000000000000000000000000
0000000000000000000000000000
0000000000000000000000000000
0000000000000000000000000000
0000000000000000000000000000
0000000000000000000000000000
0000000000000000000000000000
0000000000000000011000000000
0000000000000011111100000000
0000000000001101111100000000
0000000011111000001100000000
0000000111100000011000000000
0000000110000000011000000000
0000001100000000010000000000
0000000000000001100000000000
0000000000000011100000000000
0000000000000111000000000000
0000000000000111000000000000
0000000000000110000000000000
0000000000001100000000000000
0000000000011000000000000000
0000000000110000000000000000
0000000000100000000000000000
0000000001100000000000000000
0000000001000000000000000000
0000000010000000000000000000
0000000010000000000000000000
000000000000000000000000000

2
0
0000000000000000000000000000
0000000000000000000000000000
0000000000000000000000000000
0000000000000000000000000000
0000000000000000000000000000
0000000000000110000000000000
0000000000100001000000000000
0000000000000000100000000000
0000000010000000100000000000
0000000000000000100000000000
0000000000000000110000000000
0000000000000000010000000000
0000000000000000010000000000
0000000000000000010000000000
0000000000000000110000000000
0000000000000000110000100000
0000000000000011111000000000
0000000011110011100000000000
0000001100000001000000000000
0000010000000000000000000000
0000010000000110000000000000
0000001000001000000000000000
0000000111100000000000000000
0000000000000000000000000000
0000000000000000000000000000
0000000000000000000000000000
0000000000000000000000000000
000000000000000000000000000

8
0
0000000000000000000000000000
0000000000000000000000000000
0000000000000000000000000000
0000000000000000000000000000
0000000000000000000000000000
0000000000000000000000000000
0000000000000000000100000000
0000000000000001100100000000
0000000000011110011100000000
0000000000110000001000000000
0000000000100000010000000000
0000000000010000100000000000
0000000000010001100000000000
0000000000011111000000000000
0000000000011110000000000000
0000000000011100000000000000
0000000000111100000000000000
0000000001100100000000000000
0000000011000100000000000000
0000000010000100000000000000
0000000100000100000000000000
0000000100010000000000000000
0000000100110000000000000000
0000000111000000000000000000
0000000000000000000000000000
0000000000000000000000000000
0000000000000000000000000000
000000000000000000000000000

6
0
0000000000000000000000000000
0000000000000000000000000000
0000000000000000000000000000
0000000000000000000000000000
0000000000000000000000000000
0000000000000000000000000000
0000000000000000000000000000
0000000000000000000000000000
0000000000000000000000000000
0000000000000000000000000000
0000000000000000000000000000
0000000000000000000000000000
0000000000000000000000000000
0000000000000001000000000000
0000000000000000000000000000
0000000001000000000000000000
0000000001000000001000000000
0000000001000000001000000000
0000000001000000000000000000
0000000001000000000000000000
0000000000000000000000000000
0000000000000000000000000000
0000000000001100000000000000
0000000000000000000000000000
0000000000000000000000000000
0000000000000000000000000000
0000000000000000000000000000
000000000000000000000000000

9
0
0000000000000000000000000000
0000000000000000000000000000
0000000000000000000000000000
0000000000000000000000000000
0000000000000000000000000000
0000000000000000000000000000
0000000000000000000000000000
0000000000000001100000000000
0000000000000111110000000000
0000000000001000010000000000
0000000000010000000000000000
0000000000010000000000000000
0000000000010000000000000000
0000000000010011000000000000
0000000000001110000000000000
0000000000000110000000000000
0000000000000110000000000000
0000000000000110000000000000
0000000000000100000000000000
0000000000000000000000000000
0000000000001000000000000000
0000000000010000000000000000
0000000000000000000000000000
0000000000000000000000000000
0000000001000000000000000000
0000000010000000000000000000
0000000000000000000000000000
000000000000000000000000000

4
0
0000000000000000000000000000
0000000000000000000000000000
0000000000000000000000000000
0000000000000000000000000000
0000000000000000000000000000
0000000000000000010000000000
0001000000000000011000000000
0001100000000000011000000000
0001110000000000011000000000
0001110000000000111000000000
0000111000000000011000000000
0000011000000000111000000000
0000011100000000111000000000
0000011100000111110000000000
0000001111111111111000000000
0000001111111111111000000000
0000001111110000111000000000
0000001110000000111000000000
0000000000000000111000000000
0000000000000000111100000000
0000000000000000011100000000
0000000000000000001110000000
0000000000000000000110000000
0000000000000000000000000000
0000000000000000000000000000
0000000000000000000000000000
0000000000000000000000000000
000000000000000000000000000

0
0
0000000000000000000000000000
0000000000000000000000000000
0000000000000000000000000000
0000000000000000000000000000
0000000000000000011000000000
0000000000000000011000000000
0000000000000000111110000000
0000000000000011100110000000
0000000000001111100110000000
0000000000111111100110000000
0000000000110011100110000000
0000000011100011000110000000
0000000111000000000010000000
0000000110000000000010000000
0000000100000000000010000000
0000001100000000000010000000
0000011100000000000110000000
0000011000000000000100000000
0000011000000000001000000000
0000011100000000110000000000
0000001100000001100000000000
0000000111111110000000000000
0000000011111000000000000000
0000000000100000000000000000
0000000000000000000000000000
0000000000000000000000000000
0000000000000000000000000000
000000000000000000000000000

9
0
0000000000000000000000000000
0000000000000000000000000000
0000000000000000000000000000
0000000000000000000000000000
0000000000000000000000000000
0000000000000000000000000000
0000000000000000010000000000
0000000000000000001000000000
0000000000000000001000000000
0000000000001000000000000000
0000000000000000000000000000
0000000000000000010000000000
0000000000100000000000000000
0000000000000000100000000000
0000000001000001000000000000
0000000001000010000000000000
0000000000000010000000000000
0000000000000000000000000000
0000000000000000000000000000
0000000000001000000000000000
0000000000000000000000000000
0000000000000000000000000000
0000000000000000000000000000
0000000000100000000000000000
0000000000000000000000000000
0000000000000000000000000000
0000000000000000000000000000
000000000000000000000000000

1
0
0000000000000000000000000000
0000000000000000000000000000
0000000000000000000000000000
0000000000000000000000000000
0000000000000000000000000000
0000000000000000001000000000
0000000000000000001100000000
0000000000000000011000000000
0000000000000000111000000000
0000000000000000110000000000
0000000000000001100000000000
0000000000000011100000000000
0000000000000011000000000000
0000000000000010000000000000
0000000000000110000000000000
0000000000001100000000000000
0000000000011100000000000000
0000000000011000000000000000
0000000000110000000000000000
0000000001110000000000000000
0000000001100000000000000000
0000000001100000000000000000
0000000001000000000000000000
0000000011000000000000000000
0000000000000000000000000000
0000000000000000000000000000
0000000000000000000000000000
000000000000000000000000000

1
0
0000000000000000000000000000
0000000000000000000000000000
0000000000000000000000000000
0000000000000000000000000000
0000000000000001000000000000
0000000000000011100000000000
0000000000000011000000000000
0000000000000011000000000000
0000000000000111000000000000
0000000000000111000000000000
0000000000011011000000000000
0000000000110011000000000000
0000000110000011000000000000
0000000000000011000000000000
0000000000000001000000000000
0000000000000001000000000000
0000000000000001000000000000
0000000000000001000000000000
0000000000000000000000000000
0000000000111011100100000000
0000000111100000000000000000
0000001110000000000000000000
0000000000000000000000000000
0000000000000000000000000000
0000000000000000000000000000
0000000000000000000000000000
0000000000000000000000000000
000000000000000000000000000

2
0
0000000000000000000000000000
0000000000000000000000000000
0000000000000000000000000000
0000000000000000000000000000
0000000000000010000000000000
0000000000011111100000000000
0000000001111111111100000000
0000000111100000111110000000
0000000010000000011110000000
0000000000000000011110000000
0000000000000000011100000000
0000000000000001111000000000
0000000000000111110000000000
0000000000001111100000000000
0000000000011111000000000000
0000000001110000000000000000
0000000001100000000000000000
0000000111000000000000000000
0000000110000000000000000000
0000001110000000011111000000
0000001111100111111111000000
0000000111111111111100000000
0000000011111110000000000000
0000000000110000000000000000
0000000000000000000000000000
0000000000000000000000000000
0000000000000000000000000000
000000000000000000000000000

4
0
0000000000000000000000000000
0000000000000000000000000000
0000000000000000000000000000
0000000000000000000000000000
0000000000000000000000000000
0000000000000000000000000000
0000000000000000000000000000
0000000000000000000000000000
0000000000000000000000000000
0000000000000000100000000000
0000000000000000100000000000
0000000000000000000000000000
0000000000000001000000000000
0000000001000001000000000000
0000000000110001100000000000
0000000000000001000000000000
0000000000000001000000000000
0000000000000001000000000000
0000000000000000000000000000
0000000000000010000000000000
0000000000000010000000000000
0000000000000010000000000000
0000000000000100000000000000
0000000000000100000000000000
0000000000000000000000000000
0000000000000000000000000000
0000000000000000000000000000
000000000000000000000000000

3
0
0000000000000000000000000000
0000000000000000000000000000
0000000000000000000000000000
0000000000000000000000000000
0000000000000000000000000000
0000000000001111000000000000
0000000000111111111000000000
0000001111111111111110000000
0000001111001111111110000000
0000000000000001111111000000
0000000000000000111110000000
0000000000000001111100000000
0000000000011111111000000000
0000000000111111110000000000
0000000000011111111000000000
0000000000000011111000000000
0000000000000000111100000000
0000000000000000111100000000
0000000000000000111000000000
0000000000000000111000000000
0000000000000001111000000000
0000111111001111110000000000
0000111111111111110000000000
0000011111111100000000000000
0000001111100000000000000000
0000000000000000000000000000
0000000000000000000000000000
000000000000000000000000000

2
0
0000000000000000000000000000
0000000000000000000000000000
0000000000000000000000000000
0000000000000000000000000000
0000000000000000000000000000
0000001111100000000000000000
0000111111111000000000000000
0000111111111111110000000000
0001111111111111111100000000
0000000000001111111110000000
0000000000000001111110000000
0000000000000000001110000000
0000000000000000001110000000
0000000000000000011100000000
0000000000000000011100000000
0000000000000000111000000000
0000000000000011110000000000
0000000000000111100000000000
0000000000001110000000000000
0000000000111100000000000000
0000000000111000000000000000
0000000001111110000000000000
0000000001111111111110000000
0000000000001111111000100000
0000000000000001110000000000
0000000000000000000000000000
0000000000000000000000000000
000000000000000000000000000

7
0
0000000000000000000000000000
0000000000000000000000000000
0000000000000000000000000000
0000000000000000000000000000
0000000000000000000000000000
0000000000000000000000000000
0000000000000000000000000000
0000000000000000000000000000
0000000000000000000000000000
0000000000000000111000000000
0000000000001100011000000000
0000000001111000011000000000
0000000000000000010000000000
0000000000000000100000000000
0000000000000001000000000000
0000000000000010000000000000
0000000000000100000000000000
0000000000011000000000000000
0000000000011000000000000000
0000000000100000000000000000
0000000001000000000000000000
0000000011000000000000000000
0000000000000000000000000000
0000000000000000000000000000
0000000000000000000000000000
0000000000000000000000000000
0000000000000000000000000000
000000000000000000000000000

3
0
0000000000000000000000000000
0000000000000000000000000000
0000000000000000000000000000
0000000000000000000000000000
0000000000000000000000000000
0000000000000000000000000000
0000000000000000000000000000
0000000000000000000000000000
0000011111111110000000000000
0011100000000011000000000000
0000000000000011000000000000
0000000000000110000000000000
0000000000001110000000000000
0000000000111110000000000000
0000000000111111111000000000
0000000000000000001100000000
0000000000000000000010000000
0000000000000000000010000000
0000000000000000000011000000
0000000000000100000011000000
0000000000000110001110000000
0000000000000011111100000000
0000000000000000000000000000
0000000000000000000000000000
0000000000000000000000000000
0000000000000000000000000000
0000000000000000000000000000
000000000000000000000000000

8
0
0000000000000000000000000000
0000000000000000000000000000
0000000000000000000000000000
0000000000000000000000000000
0000000000000000000000000000
0000000000000001000000000000
0000000000000111111000000000
0000000000000110000100000000
0000000000000100000000000000
0000000000000100000111000000
0000000000000100001111000000
0000000000000111111100000000
0000000000000111110000000000
0000000000000111100000000000
0000000000001100000000000000
0000000000111100000000000000
0000000001111100000000000000
0000000011101100000000000000
0000000110001100000000000000
0000001000001100000000000000
0000001000011000000000000000
0000011000011000000000000000
0000011000110000000000000000
0000001111110000000000000000
0000000111000000000000000000
0000000000000000000000000000
0000000000000000000000000000
000000000000000000000000000

6
0
0000000000000000000000000000
0000000000000000000000000000
0000000000000001000000000000
0000000000000000000000000000
0000000000000100000000000000
0000000000000000000000000000
0000000000001000000000000000
0000000000010000000000000000
0000000000010000000000000000
0000000000000000000000000000
0000000000000000000000000000
0000000000100000000000000000
0000000000100000000000000000
0000000000000000000000000000
0000000001000000000000000000
0000000001000000100100000000
0000000001000000000100000000
0000000001000000000100000000
0000000000000000001000000000
0000000000100000010000000000
0000000000000001000000000000
0000000000001100000000000000
0000000000000000000000000000
0000000000000000000000000000
0000000000000000000000000000
0000000000000000000000000000
0000000000000000000000000000
000000000000000000000000000

9
0
0000000000000000000000000000
0000000000000000000000000000
0000000000000000000000000000
0000000000000000000000000000
0000000000000000000000000000
0000000000000000000000000000
0000000000000000000000000000
0000000000000001110000000000
0000000000000011111000000000
0000000000001000011100000000
0000000000010000001100000000
0000000000010000011000000000
0000000000010001110000000000
0000000000001111110000000000
0000000000000001100000000000
0000000000000001000000000000
0000000000000011000000000000
0000000000000110000000000000
0000000000001100000000000000
0000000000001000000000000000
0000000000010000000000000000
0000000000100000000000000000
0000000000000000000000000000
0000000001000000000000000000
0000000010000000000000000000
0000000000000000000000000000
0000000000000000000000000000
000000000000000000000000000

0
0
0000000000000000000000000000
0000000000000000000000000000
0000000000000000000000000000
0000000000000000000000000000
0000000000000000000000000000
0000000000000011110000000000
0000000000000011111000000000
0000000000000111111100000000
0000000000001111111100000000
0000000000001111001100000000
0000000000111100001100000000
0000000000111100001100000000
0000000000111000001100000000
0000000000111000011100000000
0000000001110000011100000000
0000000001100000011000000000
0000000001100000111000000000
0000000011100000110000000000
0000000011100001110000000000
0000000011100011100000000000
0000000011100111000000000000
0000000011111111000000000000
0000000011111100000000000000
0000000001111100000000000000
0000000000100000000000000000
0000000000000000000000000000
0000000000000000000000000000
000000000000000000000000000

5
0
0000000000000000000000000000
0000000000000000000000000000
0000000000000000000000000000
0000000000000000000000000000
0000000000000000000000000000
0000000000000000000000000000
0000000000000000000000100000
0000000000000000000111100000
0000000000000000111100000000
0000000000000011000000000000
0000000000000000000000000000
0000000000001000000000000000
0000000000001000000000000000
0000000000010000000000000000
0000000000100001000000000000
0000000001000001000000000000
0000000000000001000000000000
0000000000000010000000000000
0000000000000000000000000000
0000100000011000000000000000
0000010001100000000000000000
0000001100000000000000000000
0000000000000000000000000000
0000000000000000000000000000
0000000000000000000000000000
0000000000000000000000000000
0000000000000000000000000000
000000000000000000000000000

6
0
0000000000000000000000000000
0000000000000000000000000000
0000000000000000000000000000
0000000000000000000000000000
0000000000000011000000000000
0000000000000111100000000000
0000000000001111000000000000
0000000000001110000000000000
0000000000001110000000000000
0000000000011100000000000000
0000000000011000000000000000
0000000000111000000000000000
0000000000111000000000000000
0000000000111000000000000000
0000000001111111100000000000
0000000001111111110000000000
0000000000111001111000000000
0000000000111000011100000000
0000000001111100011100000000
0000000000111111111100000000
0000000000011111111000000000
0000000000001111110000000000
0000000000000000000000000000
0000000000000000000000000000
0000000000000000000000000000
0000000000000000000000000000
0000000000000000000000000000
000000000000000000000000000

0
0
0000000000000000000000000000
0000000000000000000000000000
0000000000000000000000000000
0000000000000000000000000000
0000000000000001000000000000
0000000000000001110000000000
0000000000000001110000000000
0000000000000011111000000000
0000000000000011111000000000
0000000000011111111100000000
0000000000011110001100000000
0000000000110000001110000000
0000000001110000011110000000
0000000011110000001110000000
0000000011000000001100000000
0000000111000000011000000000
0000000111000000011000000000
0000000111000000010000000000
0000000110000001110000000000
0000000111000111100000000000
0000000111111111000000000000
0000000111111110000000000000
0000000011111000000000000000
0000000001100000000000000000
0000000000000000000000000000
0000000000000000000000000000
0000000000000000000000000000
000000000000000000000000000

7
0
0000000000000000000000000000
0000000000000000000000000000
0000000000000000000000000000
0000000000000000000000000000
0000000000000000000000000000
0000000000000000000000000000
0000000000000000000000000000
0000000000000000000000000000
0000011111111111000000000000
0000000000000001100000000000
0000000000000000100000000000
0000000000000001100000000000
0000000000000001100000000000
0000000000000001100000000000
0000000000000001000000000000
0000000000000001100110000000
0000000000011111100000000000
0000000111111011000000000000
0000000100000001000000000000
0000000000000001000000000000
0000000000000001000000000000
0000000000000001000000000000
0000000000000001000000000000
0000000000000001000000000000
0000000000000000000000000000
0000000000000000000000000000
0000000000000000000000000000
000000000000000000000000000

6
0
0000000000000000000000000000
0000000000000000000000000000
0000000000000000000000000000
0000000000000000000000000000
0000000000000010000000000000
0000000000000110000000000000
0000000000001110000000000000
0000000000001100000000000000
0000000000011100000000000000
0000000000111000000000000000
0000000000110000000000000000
0000000000100000000000000000
0000000000100000011000000000
0000000001000000111100000000
0000000001000001100100000000
0000000001000001000100000000
0000000011000000000100000000
0000000011000010001000000000
0000000001100110010000000000
0000000001100111110000000000
0000000000111111100000000000
0000000000001100000000000000
0000000000000100000000000000
0000000000000000000000000000
0000000000000000000000000000
0000000000000000000000000000
0000000000000000000000000000
000000000000000000000000000

1
0
0000000000000000000000000000
0000000000000000000000000000
0000000000000000000000000000
0000000000000000000000000000
0000000000000000000000000000
0000000000000010000000000000
0000000000000010000000000000
0000000000000011000000000000
0000000000000010000000000000
0000000000000110000000000000
0000000000000110000000000000
0000000000000110000000000000
0000000000000110000000000000
0000000000000110000000000000
0000000000000100000000000000
0000000000001100000000000000
0000000000001100000000000000
0000000000001100000000000000
0000000000001100000000000000
0000000000001100000000000000
0000000000001100000000000000
0000000000001100000000000000
0000000000001100000000000000
0000000000001000000000000000
0000000000001000000000000000
0000000000000000000000000000
0000000000000000000000000000
000000000000000000000000000

8
0
0000000000000000000000000000
0000000000000000000000000000
0000000000000000000000000000
0000000000000000000000000000
0000000000000000000100000000
0000000000000000000100000000
0000000000000111000100000000
0000000000001111100000000000
0000000000111000001000000000
0000000001100000001000000000
0000000001100000110000000000
0000000000110000100000000000
0000000000011001000000000000
0000000000001110000000000000
0000000000001110000000000000
0000000000001000000000000000
0000000000010001000000000000
0000000000100001000000000000
0000000001100001000000000000
0000000011000001000000000000
0000000011000010000000000000
0000000010000110000000000000
0000000011111100000000000000
0000000001100000000000000000
0000000000000000000000000000
0000000000000000000000000000
0000000000000000000000000000
000000000000000000000000000

7
0
0000000000000000000000000000
0000000000000000000000000000
0000000000000000000000000000
0000000000000000000000000000
0000000000000000000000000000
0000000000000000000000000000
0000000000000000000000000000
0000000000000000000000000000
0000000000000111000000000000
0000000000010001000000000000
0000000001000001000000000000
0000000000000001000000000000
0000000000000001000000000000
0000000000000001000000000000
0000000000000000000000000000
0000000000000000000000000000
0000000000000010000000000000
0000000000000010000000000000
0000000000000000000000000000
0000000000000000000000000000
0000000000000000000000000000
0000000000000100000000000000
0000000000000100000000000000
0000000000000000000000000000
0000000000000000000000000000
0000000000001000000000000000
0000000000001000000000000000
000000000000000000000000000

9
0
0000000000000000000000000000
0000000000000000000000000000
0000000000000000000000000000
0000000000000000000000000000
0000000000000000000000000000
0000000000000000000000000000
0000000000000011100000000000
0000000000000111110000000000
0000000000000000010000000000
0000000000000000000000000000
0000000000100000100000000000
0000000000100000100000000000
0000000000100001000000000000
0000000000011111000000000000
0000000000000001000000000000
0000000000000011000000000000
0000000000000010000000000000
0000000000000010000000000000
0000000000000100000000000000
0000000000000100000000000000
0000000000001000000000000000
0000000000001000000000000000
0000000000010000000000000000
0000000000100000000000000000
0000000000100000000000000000
0000000001000000000000000000
0000000000000000000000000000
000000000000000000000000000

3
0
0000000000000000000000000000
0000000000000000000000000000
0000000000000000000000000000
0000000000000000000000000000
0000000000000000000000000000
0000000000000000000000000000
0000000000000000000000000000
0000001111111100000000000000
0000000000000001000000000000
0000000000000001000000000000
0000000000000011000000000000
0000000000000010000000000000
0000000000000100000000000000
0000000000001100000000000000
0000000000010000000000000000
0000000000010000000000000000
0000000000000011110000000000
0000000000000000010000000000
0000000000000000010000000000
0000000000000000010000000000
0000000000000000100000000000
0000000000000000100000000000
0000000000000001000000000000
0000000000000010000000000000
0000000000000100000000000000
0000000000000000000000000000
0000000000000000000000000000
000000000000000000000000000

9
0
0000000000000000000000000000
0000000000000000000000000000
0000000000000000000000000000
0000000000000000000000000000
0000000000000000000000000000
0000000000000000000000000000
0000000000000000000000000000
0000000000000111000000000000
0000000000001100111000000000
0000000000110000011000000000
0000000001000000010000000000
0000000010000000110000000000
0000000110000001110000000000
0000000100000000100000000000
0000000100000000100000000000
0000000111110000000000000000
0000000001100001000000000000
0000000000000011000000000000
0000000000000010000000000000
0000000000000010000000000000
0000000000000110000000000000
0000000000000100000000000000
0000000000000000000000000000
0000000000001000000000000000
0000000000011000000000000000
0000000000110000000000000000
0000000000100000000000000000
000000000000000000000000000

8
0
0000000000000000000000000000
0000000000000000000000000000
0000000000000000000000000000
0000000000000000000000000000
0000000000000000000000000000
0000000000000000000000000000
0000000000000000000000000000
0000000000000100000000000000
0000000000111110000000000000
0000000010000000000000000000
0000000100000000000000000000
0000000100000000100000000000
0000000010000000000000000000
0000000000100000000000000000
0000000000001100000000000000
0000000000001100000000000000
0000000000010010000000000000
0000000000100000000000000000
0000000000100000000000000000
0000000001000000100000000000
0000000001000000000000000000
0000000001000000100000000000
0000000000000000100000000000
0000000000000010000000000000
0000000000011100000000000000
0000000000000000000000000000
0000000000000000000000000000
000000000000000000000000000

5
0
0000000000000000000000000000
0000000000000000000000000000
0000000000000000000000000000
0000000000000000000000000000
0000000000000000000000000000
0000000000000000000000000000
0000000000000000000111110000
0000000000000000111111111000
0000000000000001111111000000
0000000000000011000000000000
0000000000000000000000000000
0000000000110000000000000000
0000000001100000000000000000
0000000011000000000000000000
0000000011100000000000000000
0000000001111100000000000000
0000000000001110000000000000
0000000000000011000000000000
0000000000000010000000000000
0000000000000010000000000000
0000000000001110000000000000
0000001111111100000000000000
0000011111111000000000000000
0000001100000000000000000000
0000000000000000000000000000
0000000000000000000000000000
0000000000000000000000000000
000000000000000000000000000

9
0
0000000000000000000000000000
0000000000000000000000000000
0000000000000000000000000000
0000000000000000000000000000
0000000000000000000000000000
0000000000010000000000000000
0000000000101000000000000000
0000000001000000000000000000
0000000001000100000000000000
0000000001000100000000000000
0000000001000100000000000000
0000000001000100000000000000
0000000000110010000000000000
0000000000000010000000000000
0000000000000001000000000000
0000000000000000000000000000
0000000000000000000000000000
0000000000000000100000000000
0000000000000000100000000000
0000000000000000100000000000
0000000000000000100000000000
0000000000000000100000000000
0000000000001000100000000000
0000000000000111000000000000
0000000000000001000000000000
0000000000000000000000000000
0000000000000000000000000000
000000000000000000000000000

3
0
0000000000000000000000000000
0000000000000000000000000000
0000000000000000000000000000
0000000000000000000000000000
0000000000000000000000000000
0000000000000111110000000000
0000000000011111110000000000
0000000001111111111110000000
0000000000111000011100000000
0000000000000001111000000000
0000000000000111110000000000
0000000000011111000000000000
0000000000111100000000000000
0000000000111100000000000000
0000000000000111000000000000
0000000000000001100000000000
0000000000000000110000000000
0000000000000000010000000000
0000000000000000010000000000
0000000000000000110000000000
0000001100000001100000000000
0000011100011111100000000000
0000001111111110000000000000
0000001111100000000000000000
0000000010000000000000000000
0000000000000000000000000000
0000000000000000000000000000
000000000000000000000000000

3
0
0000000000000000000000000000
0000000000000000000000000000
0000000000000000000000000000
0000000000000000000000000000
0000000000000000000000000000
0000000000100101000000000000
0000000000000000000000000000
0000000000000000000000000000
0000000000000001000000000000
0000000000000000000000000000
0000000000000000000000000000
0000000000000100000000000000
0000000000011111100000000000
0000000000000000000000000000
0000000000000000000000000000
0000000000000000000000000000
0000000000000000000000000000
0000000000000000000000000000
0000000000000000000000000000
0000000000000000010000000000
0000000100000000100000000000
0000000010000001000000000000
0000000001111110000000000000
0000000000000000000000000000
0000000000000000000000000000
0000000000000000000000000000
0000000000000000000000000000
000000000000000000000000000

0
0
0000000000000000000000000000
0000000000000000000000000000
0000000000000000000000000000
0000000000000000000000000000
0000000000000000000000000000
0000000000000011111100000000
0000000000000111111100000000
0000000000011111111110000000
0000000001111111101110000000
0000000011111111001110000000
0000000011110001001110000000
0000000111100000000110000000
0000001111000000000110000000
0000001110000000001110000000
0000001100000000001110000000
0000011100000000000110000000
0000011000000000000110000000
0000011000000000000110000000
0000011000000000001100000000
0000011000000000011100000000
0000011000000000111100000000
0000011100000001111000000000
0000001111111111100000000000
0000001111111111000000000000
0000001111111100000000000000
0000000000000000000000000000
0000000000000000000000000000
000000000000000000000000000

7
0
0000000000000000000000000000
0000000000000000000000000000
0000000000000000000000000000
0000000000000000000000000000
0000000000000000000000000000
0000000000000000000000000000
0000000000000000000000000000
0000000000000010000000000000
0000000111111111100000000000
0000011111111111111000000000
0000011100000000011110000000
0000001100000000001110000000
0000000010000000001100000000
0000000000000000001100000000
0000000000000000001000000000
0000000000000000011000000000
0000000000000000110000000000
0000000000000000100000000000
0000000000000001100000000000
0000000000000011000000000000
0000000000000011000000000000
0000000000000110000000000000
0000000000000110000000000000
0000000000001100000000000000
0000000000011111000000000000
0000000000011110000000000000
0000000000011100000000000000
000000000000000000000000000

4
0
0000000000000000000000000000
0000000000000000000000000000
0000000000000000000000000000
0000000000000000000000000000
0000000000000000000000000000
0000000000000000000000000000
0000000000000000000000000000
0000000000000000010000000000
0000000000000000100000000000
0000000000000001000000000000
0000000000001001000000000000
0000000000010001000000000000
0000000000100000000000000000
0000000001100010000000000000
0000000000111110000010000000
0000000000000110000000000000
0000000000000100000000000000
0000000000000000000000000000
0000000000001000000000000000
0000000000000000000000000000
0000000000010000000000000000
0000000000000000000000000000
0000000000000000000000000000
0000000000000000000000000000
0000000000000000000000000000
0000000000000000000000000000
0000000000000000000000000000
000000000000000000000000000

9
0
0000000000000000000000000000
0000000000000000000000000000
0000000000000000000000000000
0000000000000000000000000000
0000000000000000000000000000
0000000000000000000000000000
0000000000000000000000000000
0000000000011000000000000000
0000000011111100000011000000
0000000110000000000110000000
0000001000000000001100000000
0000011000000000001000000000
0000001000000000111000000000
0000000100000011110000000000
0000000001110001100000000000
0000000000000001100000000000
0000000000000001000000000000
0000000000000001000000000000
0000000000000010000000000000
0000000000000000000000000000
0000000000000100000000000000
0000000000000100000000000000
0000000000001100000000000000
0000000000001000000000000000
0000000000001000000000000000
0000000000001100000000000000
0000000000000000000000000000
000000000000000000000000000

8
0
0000000000000000000000000000
0000000000000000000000000000
0000000000000000000000000000
0000000000000000000000000000
0000000000000000000000000000
0000000000000000000000000000
0000000000000000110001000000
0000000000000111111111100000
0000000000011000011110000000
0000000000100000011110000000
0000000001000000111100000000
0000000001000000111000000000
0000000000100001110000000000
0000000000110001100000000000
0000000000001111000000000000
0000000000001110000000000000
0000000000001110000000000000
0000000000011000000000000000
0000000000110000000000000000
0000000000100000000000000000
0000000001000000000000000000
0000000010000010000000000000
0000000110000100000000000000
0000000100001100000000000000
0000000111111000000000000000
0000000111000000000000000000
0000000000000000000000000000
000000000000000000000000000

0
0
0000000000000000000000000000
0000000000000000000000000000
0000000000000000000000000000
0000000000000000000000000000
0000000000000000000000000000
0000000000000100000000000000
0000000000011110000000000000
0000000001111111111000000000
0000000011111111111100000000
0000000111111100111110000000
0000000111111000011110000000
0000000111110000000010000000
0000001111000000000011000000
0000001110000000000011000000
0000001100000000000011000000
0000001100000000000001000000
0000001100000000000001000000
0000001100000000000001000000
0000001100000000000011000000
0000001110000000000011000000
0000000111000000000010000000
0000000011110000001110000000
0000000001111111111000000000
0000000000001111111000000000
0000000000000011100000000000
0000000000000000000000000000
0000000000000000000000000000
000000000000000000000000000

9
0
0000000000000000000000000000
0000000000000000000000000000
0000000000000000000000000000
0000000000000000000000000000
0000000000000000000000000000
0000000000000000000000000000
0000000000000000000000000000
0000000000000000100000000000
0000000000000011110000000000
0000000000011000001000000000
0000000000100000010000000000
0000000001000000110000000000
0000000001000000110000000000
0000000010000001100000000000
0000000010000011100000000000
0000000000111001000000000000
0000000000000001000000000000
0000000000000010000000000000
0000000000000010000000000000
0000000000000100000000000000
0000000000001100000000000000
0000000000011000000000000000
0000000000010000000000000000
0000000000100000000000000000
0000000000000000000000000000
0000000001000000000000000000
0000000000000000000000000000
000000000000000000000000000

4
0
0000000000000000000000000000
0000000000000000000000000000
0000000000000000000000000000
0000000000000000000000000000
0000000000000000000000000000
0000000000000000100000000000
0000000000000001110000000000
0000000000000001110000000000
0000001110000001110000000000
0000001110000001110000000000
0000001110000001110000000000
0000001110000001110000000000
0000001110000001110000000000
0000001111001111110000000000
0000011111111111110000000000
0000001111111111100000000000
0000000000000011100000000000
0000000000000001110000000000
0000000000000001110000000000
0000000000000001110000000000
0000000000000001110000000000
0000000000000001110000000000
0000000000000011110000000000
0000000000000011100000000000
0000000000000001100000000000
0000000000000000000000000000
0000000000000000000000000000
000000000000000000000000000

1
0
0000000000000000000000000000
0000000000000000000000000000
0000000000000000000000000000
0000000000000000000000000000
0000000000000000001000000000
0000000000000000011000000000
0000000000000000011000000000
0000000000000000110000000000
0000000000000000110000000000
0000000000000000100000000000
0000000000000001000000000000
0000000000000011000000000000
0000000000000010000000000000
0000000000000110000000000000
0000000000001100000000000000
0000000000001100000000000000
0000000000011000000000000000
0000000000110000000000000000
0000000000110000000000000000
0000000000100000000000000000
0000000001100000000000000000
0000000001100000000000000000
0000000001100000000000000000
0000000001100000000000000000
0000000000000000000000000000
0000000000000000000000000000
0000000000000000000000000000
000000000000000000000000000

4
0
0000000000000000000000000000
0000000000000000000000000000
0000000000000000000000000000
0000000000000000000000000000
0000000000000000000000000000
0000000000000000000000000000
0000000000000000001000000000
0000000011000000001000000000
0000000110000000000100000000
0000001100000000000110000000
0000001000000000000110000000
0000011000000000000110000000
0000110000000000000010000000
0000100000000000000010000000
0001100000000000000011000000
0001100000000000011111000000
0000111111111111111110000000
0000011111111111000010000000
0000000000000000000010000000
0000000000000000000010000000
0000000000000000000010000000
0000000000000000000000000000
0000000000000000000000000000
0000000000000000000000000000
0000000000000000000000000000
0000000000000000000000000000
0000000000000000000000000000
000000000000000000000000000

4
0
0000000000000000000000000000
0000000000000000000000000000
0000000000000000000000000000
0000000000000000000000000000
0000000000000000000000000000
0000000000000000000000000000
0000000000000000000000000000
0000000000000000001000000000
0000000000000000011000000000
0000000000000000010000000000
0000000000000000100000000000
0000000000010000000000000000
0000000000100001000000000000
0000000001000010000000000000
0000000001000010000000000000
0000000011111110000000000000
0000000000001000000000000000
0000000000000000000000000000
0000000000010000000000000000
0000000000100000000000000000
0000000000000000000000000000
0000000001000000000000000000
0000000000000000000000000000
0000000000000000000000000000
0000000000000000000000000000
0000000000000000000000000000
0000000000000000000000000000
000000000000000000000000000

6
0
0000000000000000000000000000
0000000000000000000000000000
0000000000000000000000000000
0000000000000000000000000000
0000000000000000100000000000
0000000000000001110000000000
0000000000000111010000000000
0000000000000110000000000000
0000000000001100000000000000
0000000000011000000000000000
0000000000111000000000000000
0000000000110000000000000000
0000000000110000000000000000
0000000001100000000000000000
0000000001100111110000000000
0000000001111100011000000000
0000000001110000011000000000
0000000001110000011000000000
0000000001000000011000000000
0000000001000000110000000000
0000000001100001100000000000
0000000000111111100000000000
0000000000011111000000000000
0000000000000000000000000000
0000000000000000000000000000
0000000000000000000000000000
0000000000000000000000000000
000000000000000000000000000

0
0
0000000000000000000000000000
0000000000000000000000000000
0000000000000000000000000000
0000000000000000000000000000
0000000000000000000000000000
0000000000000001100000000000
0000000000000011110000000000
0000000000001111111000000000
0000000000111111111100000000
0000000000111111111100000000
0000000001111111111100000000
0000000011111111111110000000
0000000011111111000111000000
0000000011100110000111000000
0000000111000000000110000000
0000001111000000000111000000
0000011111000000000111000000
0000111101100000000110000000
0000111000000000011100000000
0000110000000000011000000000
0000110000000001110000000000
0000110000000011000000000000
0000111100000110000000000000
0000001111111100000000000000
0000001111110000000000000000
0000000000000000000000000000
0000000000000000000000000000
000000000000000000000000000

4
0
0000000000000000000000000000
0000000000000000000000000000
0000000000000000000000000000
0000000000000000000000000000
0000000000000000000000000000
0000000000000000000000000000
0000000000001000000001000000
0000000000010000000001000000
0000000000010000000001000000
0000000000000000000010000000
0000000000100000000010000000
0000000001000000000110000000
0000000011000000000100000000
0000000010000000001100000000
0000000100000000001000000000
0000001100000000011000000000
0000001000000001110000000000
0000001000000111110000000000
0000001001111001100000000000
0000001111000001100000000000
0000000000000001100000000000
0000000000000001000000000000
0000000000000001000000000000
0000000000000001000000000000
0000000000000001000000000000
0000000000000000000000000000
0000000000000000000000000000
000000000000000000000000000

5
0
0000000000000000000000000000
0000000000000000000000000000
0000000000000000000000000000
0000000000000000000000000000
0000000000000000000000000000
0000000000000000000000000000
0000000000000000000000000000
0000000000000000000000000000
0000000000000000000000011000
0000000000000000000111110000
0000000000000001110000000000
0000000000001111000000000000
0000000000010000000000000000
0000000001110000000000000000
0000000000110000000000000000
0000000000011000000000000000
0000000000001000000000000000
0000000000001000000000000000
0000000000001000000000000000
0000010000001000000000000000
0000001100110000000000000000
0000000010000000000000000000
0000000000000000000000000000
0000000000000000000000000000
0000000000000000000000000000
0000000000000000000000000000
0000000000000000000000000000
000000000000000000000000000

6
0
0000000000000000000000000000
0000000000000000000000000000
0000000000000000000000000000
0000000000000000110000000000
0000000000000000110000000000
0000000000000001100000000000
0000000000000011000000000000
0000000000000111000000000000
0000000000001110000000000000
0000000000001100000000000000
0000000000011000000000000000
0000000000110000000000000000
0000000000110000000000000000
0000000001111111111100000000
0000000011111000001100000000
0000000011100000001100000000
0000000111000000001100000000
0000000111000000011100000000
0000000111000000110000000000
0000000011000111100000000000
0000000011111111000000000000
0000000001111000000000000000
0000000000000000000000000000
0000000000000000000000000000
0000000000000000000000000000
0000000000000000000000000000
0000000000000000000000000000
000000000000000000000000000

1
0
0000000000000000000000000000
0000000000000000000000000000
0000000000000000000000000000
0000000000000000000000000000
0000000000000000000000000000
0000000000000000000000000000
0000000000000000000000000000
0000000000000000000000000000
0000000000000011000000000000
0000000000000011000000000000
0000000000000010000000000000
0000000000000110000000000000
0000000000000110000000000000
0000000000000110000000000000
0000000000001100000000000000
0000000000001100000000000000
0000000000001000000000000000
0000000000011000000000000000
0000000000011000000000000000
0000000000010000000000000000
0000000000010000000000000000
0000000000010000000000000000
0000000000100000000000000000
0000000000100000000000000000
0000000000000000000000000000
0000000000000000000000000000
0000000000000000000000000000
000000000000000000000000000

0
0
0000000000000000000000000000
0000000000000000000000000000
0000000000000000000000000000
0000000000000000000000000000
0000000000000110000000000000
0000000000011101000000000000
0000000001100001100000000000
0000000010000000110000000000
0000001100000000001100000000
0000001000000000000010000000
0000010000000000000001000000
0000010000000000000000100000
0000100000000000000000100000
0000100000000000000000000000
0000100000000000000000010000
0000010000000000000000010000
0000010000000000000000010000
0000010000000000000000010000
0000001000000000000000000000
0000000100000000000000100000
0000000010000000000000000000
0000000001100000000010000000
0000000000011111111100000000
0000000000000000000000000000
0000000000000000000000000000
0000000000000000000000000000
0000000000000000000000000000
000000000000000000000000000

0
0
0000000000000000000000000000
0000000000000000000000000000
0000000000000000000000000000
0000000000000000000000000000
0000000000000000000000000000
0000000000001111000000000000
0000000000001111110000000000
0000000000011111111000000000
0000000000111111110000000000
0000000011111111111000000000
0000000000111110011100000000
0000000000111000011100000000
0000000001110000111100000000
0000000001110000011100000000
0000000011100000011100000000
0000000011000000111100000000
0000000011000000011100000000
0000000011000000011000000000
0000000110000000111000000000
0000000010000000111000000000
0000000011000000111000000000
0000000111111111110000000000
0000000001111111110000000000
0000000000111111100000000000
0000000000011100000000000000
0000000000000000000000000000
0000000000000000000000000000
000000000000000000000000000

1
0
0000000000000000000000000000
0000000000000000000000000000
0000000000000000000000000000
0000000000000000000000000000
0000000000000110000000000000
0000000000001110000000000000
0000000000011100000000000000
0000000000111100000000000000
0000000001101100000000000000
0000000001001100000000000000
0000000000000100000000000000
0000000000000100000000000000
0000000000000100000000000000
0000000000000100000000000000
0000000000000100000000000000
0000000000001100000000000000
0000000000001100000000000000
0000000000001100000000000000
0000000000001100011000000000
0000000000001110111000000000
0000000000011111100000000000
0000000000111111000000000000
0000000000110000000000000000
0000000000000000000000000000
0000000000000000000000000000
0000000000000000000000000000
0000000000000000000000000000
000000000000000000000000000

7
0
0000000000000000000000000000
0000000000000000000000000000
0000000000000000000000000000
0000000000000000000000000000
0000000000000000000000000000
0000000000000000000000000000
0000000000000000000000000000
0000000000000000000000000000
0000000000000000011000000000
0000000000000111111100000000
0000000000011110001100000000
0000000001111000001100000000
0000000111000000011000000000
0000000000000000010000000000
0000000000000000100000000000
0000000000000001000000000000
0000000000000010000000000000
0000000000000100000000000000
0000000000001100000000000000
0000000000001000000000000000
0000000000010000000000000000
0000000000100000000000000000
0000000000000000000000000000
0000000000000000000000000000
0000000010000000000000000000
0000000100000000000000000000
0000000000000000000000000000
000000000000000000000000000

1
0
0000000000000000000000000000
0000000000000000000000000000
0000000000000000000000000000
0000000000000000000000000000
0000000000000000000000000000
0000000000000000000000000000
0000000000000000000000000000
0000000000000100000000000000
0000000000000100000000000000
0000000000000100000000000000
0000000000000100000000000000
0000000000000100000000000000
0000000000000100000000000000
0000000000000100000000000000
0000000000000100000000000000
0000000000000100000000000000
0000000000000100000000000000
0000000000000100000000000000
0000000000000100000000000000
0000000000001000000000000000
0000000000001000000000000000
0000000000001000000000000000
0000000000001000000000000000
0000000000000000000000000000
0000000000000000000000000000
0000000000000000000000000000
0000000000000000000000000000
000000000000000000000000000

6
0
0000000000000000000000000000
0000000000000000000000000000
0000000000000001000000000000
0000000000000001000000000000
0000000000000001000000000000
0000000000000001000000000000
0000000000000010000000000000
0000000000000000000000000000
0000000000000100000000000000
0000000000001000000000000000
0000000000001000000000000000
0000000000010000001000000000
0000000000100001111100000000
0000000000100011000000000000
0000000001000000000100000000
0000000001000100000000000000
0000000010001000000000000000
0000000010010000001000000000
0000000010010000110000000000
0000000011001111100000000000
0000000001111110000000000000
0000000001111000000000000000
0000000000000000000000000000
0000000000000000000000000000
0000000000000000000000000000
0000000000000000000000000000
0000000000000000000000000000
000000000000000000000000000

3
0
0000000000000000000000000000
0000000000000000000000000000
0000000000000000000000000000
0000000000000000000000000000
0000000000000000000000000000
0000000000101000000000000000
0000000011111100000000000000
0000000011111110000000000000
0000000000000111000000000000
0000000000000111000000000000
0000000000000110000000000000
0000000000001110000000000000
0000000000111111000000000000
0000000000110011000000000000
0000000000000011100000000000
0000000000000001100000000000
0000000000000001110000000000
0000000000000000110000000000
0000000000000000110000000000
0000000000000000110000000000
0000000000000000110000000000
0000000000000001000000000000
0000000001100111000000000000
0000000001111110000000000000
0000000000110000000000000000
0000000000000000000000000000
0000000000000000000000000000
000000000000000000000000000

0
0
0000000000000000000000000000
0000000000000000000000000000
0000000000000000000000000000
0000000000000000000000000000
0000000000000000000000000000
0000000000000000100000000000
0000000000000011111000000000
0000000000001111111100000000
0000000000001111111000000000
0000000000001111111000000000
0000000000001110111000000000
0000000000011100011000000000
0000000000110000011000000000
0000000001100000001100000000
0000000011000000001100000000
0000000011000000001100000000
0000000100000000001100000000
0000000100000000001000000000
0000001100000000001000000000
0000001100000000010000000000
0000001100000000100000000000
0000000100000011000000000000
0000000111111110000000000000
0000000011111100000000000000
0000000000100000000000000000
0000000000000000000000000000
0000000000000000000000000000
000000000000000000000000000

2
0
0000000000000000000000000000
0000000000000000000000000000
0000000000000000000000000000
0000000000000000000000000000
0000000000000000000000000000
0000000000001110000000000000
0000000011111001000000000000
0000001110000001100000000000
0000010000000001100000000000
0000000000000001100000000000
0000000000000001100000000000
0000000000000011000000000000
0000000000000110000000000000
0000000000001110000000000000
0000000000001000000000000000
0000000000011000000000000000
0000000000100000000000000000
0000000000100000000000000000
0000000001000000000000000000
0000000001100000000000000000
0000000001100000000000000000
0000000000111001000010000000
0000000000001111111000000000
0000000000000000000000000000
0000000000000000000000000000
0000000000000000000000000000
0000000000000000000000000000
000000000000000000000000000

1
0
0000000000000000000000000000
0000000000000000000000000000
0000000000000000000000000000
0000000000000000000000000000
0000000000000000000000000000
0000000000000000011000000000
0000000000000000111000000000
0000000000000000100000000000
0000000000000011100000000000
0000000000000011100000000000
0000000000000011000000000000
0000000000000111000000000000
0000000000000110000000000000
0000000000001110000000000000
0000000000001100000000000000
0000000000001100000000000000
0000000000011000000000000000
0000000000011000000000000000
0000000000110000000000000000
0000000001110000000000000000
0000000001100000000000000000
0000000001100000000000000000
0000000001100000000000000000
0000000001100000000000000000
0000000001100000000000000000
0000000000000000000000000000
0000000000000000000000000000
000000000000000000000000000

1
0
0000000000000000000000000000
0000000000000000000000000000
0000000000000000000000000000
0000000000000000000000000000
0000000000000001000000000000
0000000000000001100000000000
0000000000000001110000000000
0000000000000001110000000000
0000000000000001110000000000
0000000000000001110000000000
0000000000000011100000000000
0000000000000011100000000000
0000000000000011100000000000
0000000000000111100000000000
0000000000000111000000000000
0000000000000111000000000000
0000000000001110000000000000
0000000000011110000000000000
0000000000011100000000000000
0000000000111000000000000000
0000000000111000000000000000
0000000001110000000000000000
0000000011100000000000000000
0000000000000000000000000000
0000000000000000000000000000
0000000000000000000000000000
0000000000000000000000000000
000000000000000000000000000

7
0
0000000000000000000000000000
0000000000000000000000000000
0000000000000000000000000000
0000000000000000000000000000
0000000000000000000000000000
0000000000000000000000000000
0000000000000000000000000000
0000000000000000001000000000
0000000000000000011100000000
0000000000000111111100000000
0000000000111111111100000000
0000000001111000011000000000
0000000111000000110000000000
0000000000000001110000000000
0000000000000001000000000000
0000000000000010000000000000
0000000000000010000000000000
0000000000000100000000000000
0000000000001000000000000000
0000000000010000000000000000
0000000000110000000000000000
0000000000100000000000000000
0000000001100000000000000000
0000000110000000000000000000
0000000100000000000000000000
0000000100000000000000000000
0000001000000000000000000000
000000000000000000000000000

9
0
0000000000000000000000000000
0000000000000000000000000000
0000000000000000000000000000
0000000000000000000000000000
0000000000000110000000000000
0000000000011000100000000000
0000000000100000000000000000
0000000001100000000000000000
0000000001100000000000000000
0000000001000000001000000000
0000000001100000011000000000
0000000000110000111000000000
0000000000000111000000000000
0000000000000000000000000000
0000000000000000000000000000
0000000010000000000000000000
0000000010000000000000000000
0000000010000000000000000000
0000000010000000000000000000
0000000010000000001000000000
0000000001000000010000000000
0000000001110000100000000000
0000000000011111100000000000
0000000000000000000000000000
0000000000000000000000000000
0000000000000000000000000000
0000000000000000000000000000
000000000000000000000000000

0
0
0000000000000000000000000000
0000000000000000000000000000
0000000000000000000000000000
0000000000000000000000000000
0000000000000000000000000000
0000000000000011111100000000
0000000000000111111100000000
0000000000001111101100000000
0000000000011111000100000000
0000000000111110000100000000
0000000001111100001100000000
0000000000111000001100000000
0000000001110000001100000000
0000000001110000011100000000
0000000001000000011000000000
0000000011000000011000000000
0000000110000000011000000000
0000000110000000010000000000
0000000100000000010000000000
0000001100000000110000000000
0000001100000001100000000000
0000000111111111000000000000
0000000111111110000000000000
0000000011111100000000000000
0000000000111000000000000000
0000000000000000000000000000
0000000000000000000000000000
000000000000000000000000000

2
0
0000000000000000000000000000
0000000000000000000000000000
0000000000000000000000000000
0000000000000000000000000000
0000000000111110000000000000
0000000001111111000000000000
0000000001111101100000000000
0000000001110000110000000000
0000000001000000011000000000
0000000000000000011000000000
0000000000000000001000000000
0000000000000000001100000000
0000000000000000000100000000
0000000000000000000100000000
0000000000000000000100000000
0000000000111111001100000000
0000000111111111111100000000
0000000111111111111100000000
0000001110000000011110000000
0000001110000000111000000000
0000001111110111111000000000
0000001111111111110000000000
0000000111111111100000000000
0000000000000000000000000000
0000000000000000000000000000
0000000000000000000000000000
0000000000000000000000000000
000000000000000000000000000

6
0
0000000000000000000000000000
0000000000000000000000000000
0000000000000001000000000000
0000000000000001000000000000
0000000000000011000000000000
0000000000000011000000000000
0000000000000010000000000000
0000000000001100000000000000
0000000000001000000000000000
0000000000011000000000000000
0000000000110000000000000000
0000000000100000111110000000
0000000001100001110110000000
0000000001000011000010000000
0000000011000010000010000000
0000000010000110000010000000
0000000110000100000010000000
0000000110000100001100000000
0000000110000110011000000000
0000000110000111110000000000
0000000111111100000000000000
0000000011111000000000000000
0000000000000000000000000000
0000000000000000000000000000
0000000000000000000000000000
0000000000000000000000000000
0000000000000000000000000000
000000000000000000000000000

7
0
0000000000000000000000000000
0000000000000000000000000000
0000000000000000000000000000
0000000000000000000000000000
0000000000000000000000000000
0000000000000000000000000000
0000000000000000000000000000
0000100000000111000000000000
0000111111111011111000000000
0000000000000000001000000000
0000000000000000001000000000
0000000000000000011000000000
0000000000000000011000000000
0000000000000000010000000000
0000000000000000010000000000
0000000000000000100000000000
0000000000000000100000000000
0000000000000001000000000000
0000000000000001000000000000
0000000000000010000000000000
0000000000000010000000000000
0000000000000110000000000000
0000000000000100000000000000
0000000000000100000000000000
0000000000001000000000000000
0000000000001100000000000000
0000000000000100000000000000
000000000000000000000000000

8
0
0000000000000000000000000000
0000000000000000000000000000
0000000000000000000000000000
0000000000000000000000000000
0000000000000000000000000000
0000000000000111100000000000
0000000000001100010000000000
0000000000010000010000000000
0000000000000000011100000000
0000000000000000011100000000
0000000000010000111000000000
0000000000011001100000000000
0000000000001111000000000000
0000000000001110000000000000
0000000000000010000000000000
0000000000000010000000000000
0000000000000001000000000000
0000000001000001000000000000
0000000001000001000000000000
0000000010000000000000000000
0000000000000000000000000000
0000000100000000000000000000
0000000100000100000000000000
0000000100010000000000000000
0000000011000000000000000000
0000000000000000000000000000
0000000000000000000000000000
000000000000000000000000000

3
0
0000000000000000000000000000
0000000000000000000000000000
0000000000000000000000000000
0000000000000000000000000000
0000000000000000000000000000
0000000000000000000000000000
0000001111100000000000000000
0011110001111000000000000000
0000000000001100000000000000
0000000000000100000000000000
0000000000011000000000000000
0000000000111000000000000000
0000000000000110000000000000
0000000000000001100000000000
0000000000000000010000000000
0000000000000000001000000000
0000000000000000000100000000
0000000000000000000110000000
0000000000000000000010000000
0000000000000000000010000000
0000000000000000000010000000
0000000000000000000010000000
0000000000000000000010000000
0000000000000000000110000000
0000000000000111111000000000
0000000000000000000000000000
0000000000000000000000000000
000000000000000000000000000

9
0
0000000000000000000000000000
0000000000000000000000000000
0000000000000000000000000000
0000000000000000000000000000
0000000000000000000000000000
0000000000000000000000000000
0000000000000000000000000000
0000000000000011110000000000
0000000000011111111100000000
0000000001111000011100000000
0000000001100000001100000000
0000000001100000001100000000
0000000010000000110000000000
0000000000000001110000000000
0000000100000001100000000000
0000000010000001100000000000
0000000001111111000000000000
0000000000110011000000000000
0000000000000010000000000000
0000000000000000000000000000
0000000000001000000000000000
0000000000001000000000000000
0000000000010000000000000000
0000000000100000000000000000
0000000001000000000000000000
0000000001000000000000000000
0000000010000000000000000000
000000000000000000000000000

0
0
0000000000000000000000000000
0000000000000000000000000000
0000000000000000000000000000
0000000000000000000000000000
0000000000001100000000000000
0000000000111111000000000000
0000000001100011000000000000
0000000011000111110000000000
0000000011001000111000000000
0000000110001000001100000000
0000000110000000001100000000
0000001100000000000110000000
0000001100000000000010000000
0000001100000000000011000000
0000001100000000000011000000
0000001100000000000011000000
0000001100000000000011000000
0000001100000000000010000000
0000001100000000000110000000
0000000110000000000100000000
0000000110000000001100000000
0000000110000000111000000000
0000000011000001100000000000
0000000001111111000000000000
0000000000000000000000000000
0000000000000000000000000000
0000000000000000000000000000
000000000000000000000000000

4
0
0000000000000000000000000000
0000000000000000000000000000
0000000000000000000000000000
0000000000000000000000000000
0000000000000000000000000000
0000000000000000000000000000
0000000000000000000001100000
0000000000000000000011000000
0000000000010000000011000000
0000000000011000000100000000
0000000000110000000100000000
0000000001100000001000000000
0000000011000000001100000000
0000000100000000011000000000
0000001100000000010000000000
0000011100000000110000000000
0000011111111111000000000000
0000000000000010000000000000
0000000000000000000000000000
0000000000000000000000000000
0000000000001000000000000000
0000000000010000000000000000
0000000000100000000000000000
0000000001100000000000000000
0000000001000000000000000000
0000000000000000000000000000
0000000000000000000000000000
000000000000000000000000000

6
0
0000000000000000000000000000
0000000000000000000000000000
0000000000000000000000000000
0000000000000000011000000000
0000000000000001110000000000
0000000000000011000000000000
0000000000000110000000000000
0000000000001000000000000000
0000000000001000000000000000
0000000000010000000000000000
0000000001100000000000000000
0000000011000000000000000000
0000000011000000000000000000
0000000011000000011100000000
0000000010000000001100000000
0000000110000110001100000000
0000000111001000000100000000
0000000111110000000100000000
0000000011110000111000000000
0000000011110001100000000000
0000000000111111000000000000
0000000000001110000000000000
0000000000000000000000000000
0000000000000000000000000000
0000000000000000000000000000
0000000000000000000000000000
0000000000000000000000000000
000000000000000000000000000

7
0
0000000000000000000000000000
0000000000000000000000000000
0000000000000000000000000000
0000000000000000000000000000
0000000000000000000000000000
0000000000000000000000000000
0000000000000000000000000000
0000000000000000000000000000
0000000000000000100000000000
0000000000000111111100000000
0000000000111111111100000000
0000000111111111011100000000
0000011111100000011100000000
0000000000000000011000000000
0000000000000000010000000000
0000000000000000010000000000
0000000000000000100000000000
0000000000000011000000000000
0000000000000110000000000000
0000000000001100000000000000
0000000000001000000000000000
0000000000011000000000000000
0000000000100000000000000000
0000000001000000000000000000
0000000000000000000000000000
0000000000000000000000000000
0000000000000000000000000000
000000000000000000000000000

4
0
0000000000000000000000000000
0000000000000000000000000000
0000000000000000000000000000
0000000000000000000000000000
0000000000000000000000000000
0000000000000000000000000000
0000000000000000000000000000
0000000000000000010000000000
0000000000000000010000000000
0000000010000000010000000000
0000000010000000010000000000
0000000010000000010000000000
0000000010000000010000000000
0000000010000000000000000000
0000000010000000000000000000
0000000010011111110000000000
0000000011000000000000000000
0000000000000000000000000000
0000000000000000000000000000
0000000000000000100000000000
0000000000000000000000000000
0000000000000000000000000000
0000000000000000000000000000
0000000000000000000000000000
0000000000000000000000000000
0000000000000000000000000000
0000000000000000000000000000
000000000000000000000000000

6
0
0000000000000000000000000000
0000000000000000000000000000
0000000000000000000000000000
0000000000000000100000000000
0000000000000001100000000000
0000000000000011000000000000
0000000000000110000000000000
0000000000001100000000000000
0000000000001100000000000000
0000000000011000000000000000
0000000000110000000000000000
0000000000110000110000000000
0000000000100001111000000000
0000000001000011011000000000
0000000011000110001100000000
0000000011001100000100000000
0000000011001100000100000000
0000000010001100001000000000
0000000010001100000000000000
0000000010000110100000000000
0000000011000111000000000000
0000000011111110000000000000
0000000000110000000000000000
0000000000000000000000000000
0000000000000000000000000000
0000000000000000000000000000
0000000000000000000000000000
000000000000000000000000000

8
0
0000000000000000000000000000
0000000000000000000000000000
0000000000000000000000000000
0000000000000000000000000000
0000000000000000000000000000
0000000000000000100000000000
0000000000000011111000000000
0000000000001100001000000000
0000000000110000000100000000
0000000001000000000000000000
0000000001000000001000000000
0000000001110000010000000000
0000000000110000010000000000
0000000000011000000000000000
0000000000001111000000000000
0000000000000110000000000000
0000000000000110000000000000
0000000000001110000000000000
0000000000011110000000000000
0000000000100010000000000000
0000000001000110000000000000
0000000000000100000000000000
0000000010000100000000000000
0000000011111000000000000000
0000000001100000000000000000
0000000000000000000000000000
0000000000000000000000000000
000000000000000000000000000

0
0
0000000000000000000000000000
0000000000000000000000000000
0000000000000000000000000000
0000000000000000000000000000
0000000000000011100000000000
0000000000000011100000000000
0000000000001111100000000000
0000000000011111111000000000
0000000000111111011000000000
0000000000111100011000000000
0000000001111000111000000000
0000000001110000011000000000
0000000011110000011000000000
0000000011000000011000000000
0000000111000000001000000000
0000000111000000001000000000
0000000111000000001000000000
0000000110000000001000000000
0000000110000000010000000000
0000000110000000100000000000
0000000110000011100000000000
0000000111111111100000000000
0000000111111110000000000000
0000000011111100000000000000
0000000000000000000000000000
0000000000000000000000000000
0000000000000000000000000000
000000000000000000000000000

7
0
0000000000000000000000000000
0000000000000000000000000000
0000000000000000000000000000
0000000000000000000000000000
0000000000000000000000000000
0000000000000000000000000000
0000000000000000000000000000
0000000000000000110000000000
0000000000000111111000000000
0000000000111100110000000000
0000000011100000110000000000
0000000000000000100000000000
0000000000000000100000000000
0000000000000001000000000000
0000000000000001000000000000
0000000000000001000000000000
0000000000000010000000000000
0000000000000010000000000000
0000000000000110000000000000
0000000000000100000000000000
0000000000001100000000000000
0000000000001100000000000000
0000000000001000000000000000
0000000000001000000000000000
0000000000011000000000000000
0000000000011000000000000000
0000000000000000000000000000
000000000000000000000000000

8
0
0000000000000000000000000000
0000000000000000000000000000
0000000000000000000000000000
0000000000000000000000000000
0000000000000000000000000000
0000000000000000000010000000
0000000000001110000010000000
0000000000011111100010000000
0000000000110000100110000000
0000000000100000000100000000
0000000000100000001100000000
0000000000100000011000000000
0000000000010000110000000000
0000000000011011000000000000
0000000000001110000000000000
0000000000001110000000000000
0000000000011110000000000000
0000000000110011000000000000
0000000000000011000000000000
0000000011000010000000000000
0000000010000010000000000000
0000000110000100000000000000
0000000110001100000000000000
0000000111111000000000000000
0000000011000000000000000000
0000000000000000000000000000
0000000000000000000000000000
000000000000000000000000000

3
0
0000000000000000000000000000
0000000000000000000000000000
0000000000000000000000000000
0000000000000000000000000000
0000000000000000000000000000
0000000000001100000000000000
0000000000111110000000000000
0000000001000001000000000000
0000000010000001000000000000
0000000000000001000000000000
0000000000000010000000000000
0000000000000100000000000000
0000000000001100000000000000
0000000000111111000000000000
0000000000000000100000000000
0000000000000000110000000000
0000000000000000010000000000
0000000000000000010000000000
0000000000000000010000000000
0000000000000000110000000000
0000000000000000110000000000
0000000000000001100000000000
0000000001000011000000000000
0000000001111100000000000000
0000000000111000000000000000
0000000000000000000000000000
0000000000000000000000000000
000000000000000000000000000

1
0
0000000000000000000000000000
0000000000000000000000000000
0000000000000000000000000000
0000000000000000000000000000
0000000000000000000000000000
0000000000000000100000000000
0000000000000000110000000000
0000000000000000110000000000
0000000000000000100000000000
0000000000000001100000000000
0000000000000001000000000000
0000000000000001000000000000
0000000000000011000000000000
0000000000000010000000000000
0000000000000000000000000000
0000000000000100000000000000
0000000000000100000000000000
0000000000000000000000000000
0000000000001000000000000000
0000000000010000000000000000
0000000000000000000000000000
0000000000100000000000000000
0000000000000000000000000000
0000000000000000000000000000
0000000010000000000000000000
0000000000000000000000000000
0000000000000000000000000000
000000000000000000000000000

5
0
0000000000000000000000000000
0000000000000000000000000000
0000000000000000000000000000
0000000000000000000000000000
0000000000000000000000000000
0000000000000000000000000000
0000000000000000001000000000
0000000000000111100000000000
0000000000011110000000000000
0000000000010000000000000000
0000000000110000000000000000
0000000000110000000000000000
0000000000110000000000000000
0000000000100000000000000000
0000000000100000000000000000
0000000000100000000000000000
0000000000010000000000000000
0000000000010000000000000000
0000000000011111000000000000
0000000000000001100000000000
0000000000000000100000000000
0000000000000000010000000000
0000000000000000010000000000
0000000000000000010000000000
0000000000000000100000000000
0000000000000000100000000000
0000000000000000000000000000
000000000000000000000000000

